small/10_node.txt
178
[6, 1, 5, 7, 4, 0, 8, 2, 3, 9, 6]
0:00:00.464414

small/11_node.txt
249
[1, 0, 2, 10, 4, 8, 3, 9, 6, 7, 5, 1]
0:00:05.105962

small/12_node.txt
222
[9, 0, 8, 6, 5, 3, 1, 7, 4, 10, 2, 11, 9]
0:01:01.266347

small/13_node.txt
176
[1, 2, 12, 5, 10, 9, 4, 11, 0, 8, 7, 3, 6, 1]
0:12:55.068074

small/14_node.txt
260
[2, 0, 9, 11, 3, 1, 13, 7, 5, 10, 8, 12, 6, 4, 2]
3:02:39.593606

small/3_node.txt
124
[0, 1, 2, 0]
0:00:00.000010

small/4_node.txt
180
[0, 1, 2, 3, 0]
0:00:00.000013

small/5_node.txt
117
[0, 2, 3, 1, 4, 0]
0:00:00.000029

small/6_node.txt
127
[5, 2, 0, 4, 1, 3, 5]
0:00:00.000115

small/7_node.txt
107
[6, 0, 2, 4, 3, 5, 1, 6]
0:00:00.001083

small/8_node.txt
234
[4, 6, 3, 5, 1, 2, 0, 7, 4]
0:00:00.005156

small/9_node.txt
112
[6, 0, 8, 4, 2, 1, 7, 5, 3, 6]
0:00:00.044757

medium/10_node.txt
2642
[7, 5, 9, 0, 1, 8, 3, 2, 4, 6, 7]
0:00:00.469280

medium/11_node.txt
1859
[10, 3, 4, 8, 9, 6, 0, 1, 2, 5, 7, 10]
0:00:05.236666

medium/12_node.txt
2249
[7, 4, 1, 6, 11, 10, 2, 0, 3, 5, 9, 8, 7]
0:01:03.085135

medium/13_node.txt
2570
[9, 4, 3, 8, 0, 10, 7, 12, 1, 11, 6, 2, 5, 9]
0:14:29.513685

medium/14_node.txt
1242
[8, 4, 6, 12, 0, 11, 13, 3, 10, 5, 9, 2, 1, 7, 8]
3:05:55.876185

medium/3_node.txt
1241
[2, 0, 1, 2]
0:00:00.000011

medium/4_node.txt
1292
[0, 1, 3, 2, 0]
0:00:00.000011

medium/5_node.txt
1690
[4, 1, 0, 3, 2, 4]
0:00:00.000031

medium/6_node.txt
1553
[4, 1, 2, 3, 0, 5, 4]
0:00:00.000115

medium/7_node.txt
1583
[3, 1, 6, 0, 2, 5, 4, 3]
0:00:00.001156

medium/8_node.txt
2118
[6, 3, 0, 2, 1, 5, 7, 4, 6]
0:00:00.005401

medium/9_node.txt
2993
[5, 1, 3, 8, 0, 4, 2, 6, 7, 5]
0:00:00.048986

large/10_node.txt
11382
[6, 5, 9, 0, 7, 2, 1, 4, 3, 8, 6]
0:00:00.474424

large/11_node.txt
12597
[5, 1, 10, 4, 9, 7, 0, 3, 2, 6, 8, 5]
0:00:05.305802

large/12_node.txt
13145
[9, 1, 3, 11, 10, 5, 0, 8, 7, 6, 4, 2, 9]
0:01:03.470553

large/13_node.txt
7014
[1, 2, 0, 10, 4, 12, 6, 3, 8, 7, 11, 9, 5, 1]
0:13:25.762050

large/14_node.txt
10884
[2, 4, 0, 6, 13, 12, 1, 8, 9, 10, 3, 5, 7, 11, 2]
3:04:51.400883

large/3_node.txt
4628
[2, 0, 1, 2]
0:00:00.000010

large/4_node.txt
7410
[2, 0, 1, 3, 2]
0:00:00.000013

large/5_node.txt
7682
[0, 1, 3, 2, 4, 0]
0:00:00.000033

large/6_node.txt
7370
[0, 1, 5, 4, 2, 3, 0]
0:00:00.000144

large/7_node.txt
13579
[3, 0, 4, 1, 2, 5, 6, 3]
0:00:00.001442

large/8_node.txt
13084
[7, 3, 1, 0, 2, 5, 6, 4, 7]
0:00:00.006740

large/9_node.txt
7320
[2, 0, 5, 4, 7, 3, 8, 1, 6, 2]
0:00:00.051818

